0,2
0,4
0,6
0,8
0,10
0,12
0,14
0,16
0,18
0,20
0,22
0,24
0,26
0,28
0,30
0,32
0,34
0,36
0,38
0,40
0,42
0,44
0,46
0,48
0,50
0,52
0,54
0,56
0,58
0,60
0,62
0,64
0,66
0,68
0,70
0,72
0,74
0,76
0,78
0,80
0,82
0,84
0,86
0,88
0,90
0,92
0,94
0,96
0,98
0,100
0,102
0,104
0,106
0,108
0,110
0,112
0,114
0,116
0,118
0,120
0,122
0,124
0,126
0,128
0,130
0,132
0,134
0,136
0,138
0,140
0,142
0,144
0,146
0,148
0,150
0,152
0,154
0,156
0,158
0,160
0,162
0,164
0,166
0,168
0,170
0,172
0,174
0,176
0,178
0,180
0,182
0,184
0,186
0,188
0,190
0,192
0,194
0,196
0,198
0,200
0,202
0,204
0,206
0,208
0,210
0,212
0,214
0,216
0,218
0,220
0,222
0,224
0,226
0,228
0,230
0,232
0,234
0,236
0,238
0,240
0,242
0,244
0,246
0,248
0,250
0,252
0,254
0,256
0,258
0,260
0,262
0,264
0,266
0,268
0,270
0,272
0,274
0,276
0,278
0,280
0,282
0,284
0,286
0,288
0,290
0,292
0,294
0,296
0,298
0,300
0,302
0,304
0,306
0,308
0,310
0,312
0,314
0,316
0,318
0,320
0,322
0,324
0,326
0,328
0,330
0,332
0,334
0,336
0,338
0,340
0,342
0,344
0,346
0,348
0,350
0,352
0,354
0,356
0,358
0,360
0,362
0,364
0,366
0,368
0,370
0,372
0,374
0,376
0,378
0,380
0,382
0,384
0,386
0,388
0,390
0,392
0,394
0,396
0,398
0,400
0,402
0,404
0,406
0,408
0,410
0,412
0,414
0,416
0,418
0,420
0,422
0,424
0,426
0,428
0,430
0,432
0,434
0,436
0,438
0,440
0,442
0,444
0,446
0,448
0,450
0,452
0,454
0,456
0,458
0,460
0,462
0,464
0,466
0,468
0,470
0,472
0,474
0,476
0,478
0,480
0,482
0,484
0,486
0,488
0,490
0,492
0,494
0,496
0,498
0,500
2,2
2,4
2,6
2,8
2,10
2,12
2,14
2,16
2,18
2,20
2,22
2,24
2,26
2,28
2,30
2,32
2,34
2,36
2,38
2,40
2,42
2,44
2,46
2,48
2,50
2,52
2,54
2,56
2,58
2,60
2,62
2,64
2,66
2,68
2,70
2,72
2,74
2,76
2,78
2,80
2,82
2,84
2,86
2,88
2,90
2,92
2,94
2,96
2,98
2,100
2,102
2,104
2,106
2,108
2,110
2,112
2,114
2,116
2,118
2,120
2,122
2,124
2,126
2,128
2,130
2,132
2,134
2,136
2,138
2,140
2,142
2,144
2,146
2,148
2,150
2,152
2,154
2,156
2,158
2,160
2,162
2,164
2,166
2,168
2,170
2,172
2,174
2,176
2,178
2,180
2,182
2,184
2,186
2,188
2,190
2,192
2,194
2,196
2,198
2,200
2,202
2,204
2,206
2,208
2,210
2,212
2,214
2,216
2,218
2,220
2,222
2,224
2,226
2,228
2,230
2,232
2,234
2,236
2,238
2,240
2,242
2,244
2,246
2,248
2,250
2,252
2,254
2,256
2,258
2,260
2,262
2,264
2,266
2,268
2,270
2,272
2,274
2,276
2,278
2,280
2,282
2,284
2,286
2,288
2,290
2,292
2,294
2,296
2,298
2,300
2,302
2,304
2,306
2,308
2,310
2,312
2,314
2,316
2,318
2,320
2,322
2,324
2,326
2,328
2,330
2,332
2,334
2,336
2,338
2,340
2,342
2,344
2,346
2,348
2,350
2,352
2,354
2,356
2,358
2,360
2,361
2,362
2,364
2,366
2,368
2,370
2,372
2,374
2,376
2,378
2,380
2,382
2,384
2,386
2,388
2,390
2,392
2,394
2,396
2,398
2,400
2,402
2,404
2,406
2,408
2,410
2,412
2,414
2,416
2,418
2,420
2,422
2,424
2,426
2,428
2,430
2,432
2,434
2,436
2,438
2,440
2,442
2,444
2,446
2,448
2,450
2,452
2,454
2,456
2,458
2,460
2,462
2,464
2,466
2,468
2,470
2,472
2,474
2,476
2,478
2,480
2,482
2,484
2,486
2,488
2,490
2,492
2,494
2,496
2,498
2,500
35,2
35,4
35,6
35,8
35,10
35,12
35,14
35,16
35,18
35,20
35,22
35,24
35,26
35,28
35,30
35,32
35,34
35,36
35,38
35,40
35,42
35,44
35,46
35,48
35,50
35,52
35,54
35,56
35,58
35,60
35,62
35,64
35,66
35,68
35,70
35,72
35,74
35,76
35,78
35,80
35,82
35,84
35,86
35,88
35,90
35,92
35,94
35,96
35,98
35,100
35,102
35,104
35,106
35,108
35,110
35,112
35,114
35,116
35,118
35,120
35,122
35,124
35,126
35,128
35,130
35,132
35,134
35,136
35,138
35,140
35,142
35,144
35,146
35,148
35,150
35,151
35,152
35,153
35,154
35,155
35,156
35,157
35,158
35,159
35,160
35,162
35,164
35,165
35,166
35,167
35,168
35,170
35,172
35,174
35,176
35,178
35,180
35,182
35,184
35,186
35,188
35,190
35,192
35,194
35,196
35,198
35,200
35,202
35,204
35,206
35,208
35,210
35,212
35,214
35,216
35,218
35,220
35,222
35,224
35,226
35,228
35,230
35,232
35,234
35,235
35,236
35,237
35,238
35,239
35,240
35,241
35,242
35,243
35,244
35,245
35,246
35,248
35,250
35,252
35,254
35,256
35,258
35,260
35,262
35,264
35,266
35,268
35,270
35,272
35,274
35,276
35,278
35,280
35,282
35,284
35,286
35,288
35,290
35,292
35,294
35,296
35,298
35,300
35,302
35,304
35,306
35,308
35,310
35,312
35,314
35,316
35,318
35,320
35,322
35,324
35,326
35,328
35,330
35,332
35,334
35,336
35,338
35,340
35,342
35,344
35,346
35,348
35,350
35,352
35,354
35,356
35,358
35,360
35,362
35,364
35,366
35,368
35,370
35,372
35,374
35,376
35,378
35,380
35,382
35,384
35,386
35,388
35,390
35,392
35,394
35,396
35,398
35,400
35,402
35,404
35,406
35,408
35,410
35,412
35,414
35,416
35,418
35,420
35,422
35,424
35,426
35,428
35,430
35,432
35,434
35,436
35,438
35,440
35,442
35,444
35,446
35,448
35,450
35,452
35,454
35,456
35,458
35,460
35,462
35,464
35,466
35,468
35,470
35,472
35,474
35,476
35,478
35,480
35,482
35,484
35,486
35,488
35,490
35,492
35,494
35,496
35,498
35,500
26,2
26,4
26,6
26,8
26,10
26,12
26,14
26,16
26,18
26,20
26,22
26,24
26,26
26,28
26,30
26,32
26,34
26,36
26,38
26,40
26,42
26,44
26,46
26,48
26,50
26,52
26,54
26,56
26,58
26,60
26,62
26,64
26,66
26,68
26,70
26,72
26,74
26,76
26,78
26,80
26,82
26,84
26,86
26,88
26,90
26,92
26,94
26,96
26,98
26,100
26,102
26,104
26,106
26,108
26,110
26,112
26,114
26,116
26,118
26,120
26,122
26,124
26,126
26,128
26,130
26,132
26,134
26,136
26,138
26,140
26,142
26,144
26,146
26,148
26,150
26,152
26,154
26,156
26,158
26,160
26,162
26,164
26,166
26,168
26,170
26,172
26,174
26,176
26,178
26,180
26,182
26,184
26,186
26,188
26,190
26,192
26,194
26,196
26,198
26,200
26,202
26,204
26,206
26,208
26,210
26,212
26,214
26,216
26,218
26,220
26,222
26,224
26,226
26,228
26,230
26,232
26,234
26,236
26,238
26,240
26,242
26,244
26,246
26,248
26,250
26,252
26,254
26,256
26,258
26,260
26,262
26,264
26,266
26,268
26,270
26,272
26,274
26,276
26,278
26,280
26,282
26,284
26,286
26,288
26,290
26,292
26,294
26,296
26,298
26,300
26,302
26,304
26,306
26,308
26,310
26,312
26,314
26,316
26,317
26,318
26,319
26,320
26,321
26,322
26,323
26,324
26,325
26,326
26,327
26,328
26,329
26,330
26,331
26,332
26,333
26,334
26,335
26,336
26,337
26,338
26,339
26,340
26,341
26,342
26,343
26,344
26,346
26,347
26,348
26,349
26,350
26,351
26,352
26,353
26,354
26,355
26,356
26,358
26,360
26,362
26,364
26,366
26,368
26,370
26,372
26,374
26,376
26,378
26,380
26,382
26,384
26,386
26,388
26,390
26,392
26,394
26,396
26,398
26,400
26,402
26,404
26,406
26,408
26,410
26,412
26,414
26,416
26,418
26,420
26,422
26,424
26,426
26,428
26,430
26,432
26,434
26,436
26,438
26,440
26,442
26,444
26,446
26,448
26,450
26,452
26,454
26,456
26,458
26,460
26,462
26,464
26,466
26,468
26,470
26,472
26,474
26,476
26,478
26,480
26,482
26,484
26,486
26,488
26,490
26,492
26,494
26,499
4,2
4,4
4,6
4,8
4,10
4,12
4,14
4,16
4,18
4,20
4,22
4,24
4,26
4,28
4,30
4,32
4,34
4,36
4,38
4,40
4,42
4,44
4,46
4,48
4,50
4,52
4,54
4,56
4,58
4,60
4,62
4,64
4,66
4,68
4,70
4,72
4,74
4,76
4,78
4,80
4,82
4,84
4,86
4,88
4,90
4,92
4,94
4,96
4,98
4,100
4,102
4,104
4,106
4,108
4,110
4,112
4,114
4,116
4,118
4,120
4,122
4,124
4,126
4,128
4,130
4,132
4,134
4,136
4,138
4,140
4,142
4,144
4,146
4,148
4,150
4,152
4,154
4,156
4,158
4,160
4,162
4,164
4,166
4,168
4,170
4,172
4,174
4,176
4,178
4,180
4,182
4,184
4,185
4,186
4,187
4,188
4,189
4,190
4,191
4,192
4,193
4,194
4,195
4,196
4,197
4,198
4,199
4,200
4,202
4,204
4,206
4,208
4,210
4,212
4,214
4,216
4,218
4,220
4,222
4,224
4,226
4,228
4,230
4,232
4,234
4,236
4,238
4,240
4,242
4,244
4,246
4,248
4,250
4,252
4,254
4,256
4,258
4,260
4,262
4,264
4,266
4,268
4,270
4,272
4,274
4,276
4,278
4,280
4,282
4,284
4,286
4,288
4,290
4,292
4,294
4,296
4,298
4,300
4,302
4,304
4,306
4,308
4,310
4,312
4,314
4,316
4,318
4,320
4,322
4,324
4,326
4,328
4,330
4,332
4,334
4,336
4,338
4,340
4,342
4,344
4,346
4,348
4,350
4,352
4,354
4,356
4,358
4,360
4,362
4,364
4,366
4,368
4,370
4,372
4,374
4,376
4,378
4,380
4,382
4,384
4,386
4,388
4,390
4,392
4,394
4,396
4,398
4,400
4,402
4,404
4,406
4,408
4,410
4,412
4,414
4,416
4,418
4,420
4,422
4,424
4,426
4,428
4,430
4,432
4,434
4,436
4,438
4,440
4,442
4,444
4,446
4,448
4,450
4,452
4,454
4,456
4,458
4,460
4,462
4,464
4,466
4,468
4,470
4,472
4,474
4,476
4,478
4,480
4,482
4,484
4,486
4,488
4,490
4,492
4,494
4,496
4,498
4,500
21,1
21,3
21,5
21,7
21,9
21,11
21,13
21,15
21,17
21,19
21,21
21,23
21,25
21,27
21,29
21,31
21,33
21,35
21,37
21,39
21,41
21,43
21,45
21,47
21,49
21,51
21,53
21,55
21,57
21,59
21,61
21,63
21,65
21,67
21,69
21,71
21,73
21,75
21,77
21,79
21,81
21,83
21,85
21,87
21,92
21,94
21,96
21,98
21,100
21,102
21,104
21,106
21,108
21,110
21,112
21,114
21,116
21,118
21,120
21,122
21,124
21,126
21,128
21,130
21,132
21,134
21,136
21,138
21,140
21,142
21,144
21,146
21,148
21,150
21,152
21,154
21,156
21,158
21,160
21,162
21,164
21,166
21,168
21,170
21,172
21,174
21,176
21,178
21,180
21,182
21,184
21,186
21,188
21,190
21,192
21,194
21,196
21,198
21,200
21,202
21,204
21,206
21,208
21,210
21,212
21,214
21,216
21,218
21,220
21,222
21,224
21,226
21,228
21,230
21,232
21,234
21,236
21,238
21,240
21,242
21,244
21,246
21,248
21,250
21,252
21,254
21,256
21,258
21,260
21,262
21,264
21,266
21,268
21,270
21,272
21,274
21,276
21,278
21,280
21,282
21,284
21,286
21,288
21,290
21,292
21,294
21,296
21,298
21,300
21,302
21,304
21,306
21,308
21,310
21,312
21,314
21,316
21,318
21,320
21,322
21,324
21,326
21,328
21,330
21,332
21,334
21,336
21,338
21,340
21,342
21,344
21,346
21,348
21,350
21,352
21,354
21,356
21,358
21,360
21,362
21,364
21,366
21,368
21,370
21,372
21,374
21,376
21,378
21,380
21,382
21,384
21,386
21,388
21,390
21,392
21,394
21,396
21,398
21,400
21,402
21,404
21,406
21,408
21,410
21,412
21,414
21,416
21,418
21,420
21,422
21,424
21,426
21,428
21,430
21,432
21,434
21,436
21,438
21,440
21,442
21,444
21,446
21,448
21,450
21,452
21,454
21,456
21,458
21,460
21,462
21,464
21,466
21,468
21,470
21,472
21,474
21,476
21,478
21,480
21,482
21,484
21,486
21,488
21,490
21,492
21,494
21,496
21,498
21,500
22,2
22,4
22,6
22,8
22,10
22,12
22,14
22,16
22,18
22,20
22,22
22,24
22,26
22,28
22,30
22,32
22,34
22,36
22,38
22,40
22,42
22,44
22,46
22,48
22,50
22,51
22,52
22,53
22,54
22,55
22,56
22,57
22,58
22,59
22,60
22,62
22,64
22,66
22,68
22,70
22,72
22,74
22,76
22,78
22,80
22,82
22,84
22,86
22,88
22,90
22,92
22,94
22,96
22,98
22,100
22,102
22,104
22,106
22,108
22,110
22,112
22,114
22,116
22,118
22,120
22,122
22,124
22,126
22,128
22,130
22,132
22,134
22,136
22,138
22,140
22,142
22,144
22,146
22,148
22,150
22,152
22,154
22,156
22,158
22,160
22,162
22,164
22,166
22,168
22,170
22,172
22,174
22,176
22,178
22,180
22,182
22,184
22,186
22,188
22,190
22,192
22,193
22,194
22,195
22,196
22,198
22,200
22,202
22,204
22,206
22,208
22,210
22,212
22,214
22,216
22,218
22,220
22,222
22,224
22,226
22,228
22,230
22,232
22,234
22,236
22,238
22,240
22,242
22,244
22,246
22,248
22,250
22,252
22,254
22,256
22,258
22,260
22,262
22,264
22,266
22,268
22,270
22,272
22,274
22,276
22,278
22,280
22,282
22,284
22,286
22,288
22,290
22,292
22,294
22,296
22,298
22,300
22,302
22,304
22,306
22,308
22,310
22,312
22,314
22,316
22,318
22,320
22,322
22,324
22,326
22,328
22,330
22,332
22,334
22,336
22,338
22,340
22,342
22,344
22,346
22,348
22,350
22,352
22,354
22,356
22,358
22,360
22,362
22,364
22,366
22,368
22,370
22,372
22,374
22,376
22,378
22,380
22,382
22,384
22,386
22,388
22,390
22,392
22,394
22,396
22,398
22,400
22,402
22,404
22,406
22,408
22,410
22,412
22,414
22,416
22,418
22,420
22,422
22,424
22,426
22,428
22,430
22,431
22,432
22,433
22,434
22,435
22,436
22,437
22,438
22,439
22,440
22,442
22,444
22,446
22,448
22,450
22,452
22,454
22,456
22,458
22,460
22,462
22,464
22,466
22,468
22,470
22,472
22,474
22,476
22,478
22,480
22,482
22,484
22,486
22,488
22,490
22,492
22,494
22,496
22,498
22,500
27,1
27,3
27,5
27,7
27,9
27,11
27,13
27,15
27,17
27,19
27,21
27,23
27,25
27,27
27,29
27,31
27,33
27,35
27,37
27,39
27,41
27,43
27,45
27,47
27,49
27,51
27,53
27,55
27,57
27,59
27,61
27,63
27,65
27,67
27,69
27,71
27,73
27,75
27,77
27,79
27,81
27,83
27,85
27,87
27,89
27,91
27,93
27,95
27,97
27,99
27,101
27,103
27,105
27,107
27,109
27,111
27,113
27,115
27,117
27,119
27,121
27,123
27,125
27,127
27,129
27,131
27,133
27,135
27,137
27,139
27,141
27,143
27,145
27,147
27,149
27,151
27,153
27,155
27,157
27,159
27,161
27,163
27,165
27,167
27,169
27,171
27,173
27,175
27,177
27,179
27,181
27,183
27,185
27,187
27,189
27,191
27,193
27,195
27,197
27,199
27,201
27,203
27,205
27,207
27,209
27,211
27,213
27,215
27,217
27,219
27,221
27,223
27,225
27,227
27,229
27,231
27,233
27,235
27,237
27,239
27,241
27,243
27,245
27,247
27,249
27,251
27,253
27,255
27,257
27,259
27,261
27,263
27,265
27,267
27,269
27,271
27,273
27,275
27,277
27,279
27,281
27,283
27,285
27,287
27,289
27,291
27,293
27,295
27,297
27,299
27,301
27,303
27,305
27,307
27,309
27,311
27,313
27,315
27,317
27,319
27,321
27,323
27,325
27,327
27,329
27,331
27,333
27,335
27,337
27,339
27,341
27,343
27,344
27,345
27,346
27,347
27,349
27,351
27,353
27,355
27,357
27,359
27,361
27,363
27,365
27,367
27,369
27,371
27,373
27,375
27,377
27,379
27,381
27,383
27,385
27,387
27,389
27,391
27,393
27,395
27,397
27,399
27,401
27,403
27,405
27,407
27,409
27,411
27,413
27,415
27,417
27,419
27,421
27,423
27,425
27,427
27,429
27,431
27,433
27,435
27,437
27,439
27,441
27,443
27,445
27,447
27,449
27,451
27,453
27,455
27,457
27,459
27,461
27,463
27,465
27,467
27,469
27,471
27,473
27,475
27,477
27,479
27,481
27,483
27,485
27,487
27,489
27,491
27,493
27,495
27,497
27,499
17,1
17,3
17,5
17,7
17,9
17,11
17,13
17,15
17,17
17,19
17,21
17,23
17,25
17,27
17,29
17,31
17,33
17,35
17,37
17,39
17,41
17,43
17,45
17,47
17,49
17,51
17,53
17,55
17,57
17,59
17,61
17,63
17,65
17,67
17,69
17,71
17,73
17,75
17,77
17,79
17,81
17,83
17,85
17,87
17,89
17,91
17,93
17,95
17,97
17,99
17,101
17,103
17,105
17,107
17,109
17,111
17,113
17,115
17,117
17,119
17,121
17,123
17,125
17,127
17,129
17,131
17,133
17,135
17,137
17,139
17,141
17,143
17,145
17,147
17,149
17,151
17,153
17,155
17,157
17,159
17,161
17,163
17,165
17,167
17,169
17,171
17,173
17,175
17,177
17,179
17,181
17,183
17,185
17,187
17,189
17,191
17,193
17,195
17,197
17,199
17,201
17,203
17,205
17,207
17,209
17,211
17,213
17,215
17,217
17,219
17,221
17,223
17,225
17,227
17,229
17,231
17,233
17,235
17,237
17,239
17,241
17,243
17,245
17,247
17,249
17,251
17,253
17,255
17,257
17,259
17,261
17,263
17,265
17,267
17,269
17,271
17,273
17,275
17,277
17,279
17,281
17,283
17,285
17,287
17,289
17,291
17,293
17,295
17,297
17,299
17,301
17,303
17,305
17,307
17,309
17,311
17,313
17,315
17,317
17,319
17,321
17,323
17,325
17,327
17,329
17,331
17,333
17,335
17,337
17,339
17,341
17,343
17,345
17,347
17,349
17,351
17,353
17,355
17,357
17,359
17,361
17,363
17,365
17,367
17,369
17,371
17,373
17,375
17,377
17,379
17,381
17,383
17,385
17,387
17,389
17,391
17,393
17,395
17,397
17,399
17,401
17,403
17,405
17,407
17,409
17,411
17,413
17,415
17,417
17,419
17,421
17,423
17,425
17,427
17,429
17,431
17,433
17,435
17,437
17,439
17,441
17,443
17,445
17,447
17,449
17,451
17,453
17,455
17,457
17,459
17,461
17,463
17,465
17,467
17,469
17,471
17,473
17,475
17,477
17,479
17,481
17,483
17,485
17,487
17,489
17,491
17,493
17,495
17,497
17,499
12,2
12,4
12,6
12,8
12,10
12,12
12,14
12,16
12,18
12,20
12,22
12,24
12,26
12,28
12,30
12,32
12,34
12,36
12,38
12,40
12,42
12,44
12,46
12,48
12,50
12,52
12,54
12,56
12,58
12,60
12,62
12,64
12,66
12,68
12,70
12,72
12,74
12,76
12,78
12,80
12,82
12,84
12,86
12,88
12,90
12,92
12,94
12,96
12,98
12,100
12,102
12,104
12,106
12,108
12,110
12,112
12,114
12,116
12,118
12,120
12,122
12,124
12,126
12,128
12,130
12,132
12,134
12,136
12,138
12,140
12,142
12,144
12,146
12,148
12,150
12,152
12,154
12,156
12,158
12,160
12,162
12,164
12,166
12,168
12,170
12,172
12,174
12,176
12,178
12,180
12,182
12,184
12,186
12,188
12,190
12,192
12,194
12,196
12,198
12,200
12,202
12,204
12,206
12,208
12,210
12,212
12,214
12,216
12,218
12,220
12,222
12,224
12,226
12,228
12,230
12,232
12,234
12,236
12,238
12,240
12,242
12,244
12,246
12,248
12,250
12,252
12,254
12,256
12,258
12,260
12,262
12,264
12,266
12,268
12,270
12,272
12,274
12,276
12,278
12,280
12,282
12,284
12,286
12,288
12,290
12,292
12,294
12,296
12,298
12,300
12,302
12,304
12,306
12,308
12,310
12,312
12,314
12,316
12,318
12,320
12,322
12,324
12,326
12,328
12,330
12,332
12,334
12,336
12,338
12,340
12,342
12,344
12,346
12,348
12,350
12,352
12,354
12,356
12,358
12,360
12,362
12,364
12,366
12,368
12,370
12,372
12,374
12,376
12,378
12,380
12,382
12,384
12,386
12,388
12,390
12,392
12,394
12,396
12,398
12,400
12,402
12,404
12,406
12,408
12,410
12,412
12,414
12,416
12,418
12,420
12,422
12,424
12,426
12,428
12,430
12,432
12,434
12,436
12,438
12,440
12,442
12,444
12,446
12,448
12,450
12,452
12,454
12,456
12,458
12,460
12,462
12,464
12,466
12,468
12,470
12,472
12,474
12,476
12,478
12,480
12,482
12,484
12,486
12,488
12,490
12,492
12,494
12,496
12,498
12,500
29,1
29,3
29,5
29,7
29,9
29,11
29,13
29,15
29,17
29,19
29,21
29,23
29,25
29,27
29,29
29,31
29,33
29,35
29,37
29,39
29,41
29,43
29,45
29,47
29,49
29,51
29,53
29,55
29,57
29,59
29,61
29,63
29,65
29,67
29,69
29,71
29,73
29,75
29,77
29,79
29,81
29,83
29,85
29,87
29,89
29,91
29,93
29,95
29,97
29,99
29,101
29,103
29,105
29,107
29,109
29,111
29,113
29,115
29,117
29,119
29,121
29,123
29,125
29,127
29,129
29,131
29,133
29,135
29,137
29,139
29,141
29,143
29,145
29,147
29,149
29,151
29,153
29,155
29,157
29,159
29,161
29,163
29,165
29,167
29,169
29,171
29,173
29,175
29,177
29,179
29,181
29,183
29,185
29,187
29,189
29,191
29,193
29,195
29,197
29,199
29,201
29,203
29,205
29,207
29,209
29,211
29,213
29,215
29,217
29,219
29,221
29,223
29,225
29,227
29,229
29,231
29,233
29,235
29,237
29,239
29,241
29,243
29,245
29,247
29,249
29,251
29,253
29,255
29,257
29,259
29,261
29,263
29,265
29,267
29,269
29,271
29,273
29,275
29,277
29,279
29,281
29,283
29,285
29,287
29,289
29,291
29,293
29,295
29,297
29,299
29,301
29,303
29,305
29,307
29,309
29,311
29,313
29,315
29,317
29,319
29,321
29,323
29,325
29,327
29,329
29,331
29,333
29,335
29,337
29,339
29,341
29,343
29,345
29,347
29,349
29,351
29,353
29,355
29,357
29,359
29,361
29,363
29,365
29,367
29,369
29,371
29,373
29,375
29,377
29,379
29,381
29,383
29,385
29,387
29,389
29,391
29,393
29,395
29,397
29,399
29,401
29,403
29,405
29,407
29,409
29,411
29,413
29,415
29,417
29,419
29,421
29,423
29,425
29,427
29,429
29,431
29,433
29,435
29,437
29,439
29,441
29,443
29,445
29,447
29,449
29,451
29,453
29,455
29,457
29,459
29,461
29,463
29,465
29,467
29,469
29,471
29,473
29,475
29,477
29,479
29,481
29,483
29,485
29,487
29,489
29,491
29,493
29,495
29,497
29,499
41,1
41,3
41,5
41,7
41,9
41,11
41,13
41,15
41,17
41,19
41,21
41,23
41,25
41,27
41,29
41,31
41,33
41,35
41,37
41,39
41,41
41,43
41,45
41,47
41,49
41,51
41,53
41,55
41,57
41,59
41,61
41,63
41,65
41,67
41,69
41,71
41,73
41,75
41,77
41,79
41,81
41,83
41,85
41,87
41,89
41,91
41,93
41,95
41,97
41,99
41,101
41,103
41,105
41,107
41,109
41,111
41,113
41,115
41,117
41,119
41,121
41,123
41,125
41,127
41,129
41,131
41,133
41,135
41,137
41,139
41,141
41,143
41,145
41,147
41,149
41,151
41,153
41,155
41,157
41,159
41,161
41,163
41,165
41,167
41,169
41,171
41,173
41,175
41,177
41,179
41,181
41,183
41,185
41,187
41,189
41,191
41,193
41,195
41,197
41,199
41,201
41,203
41,205
41,207
41,209
41,211
41,213
41,215
41,217
41,219
41,221
41,223
41,225
41,227
41,229
41,231
41,233
41,235
41,237
41,239
41,241
41,243
41,245
41,247
41,249
41,251
41,253
41,255
41,257
41,259
41,261
41,263
41,265
41,267
41,269
41,271
41,273
41,275
41,277
41,279
41,281
41,283
41,285
41,287
41,289
41,291
41,293
41,295
41,297
41,299
41,301
41,303
41,305
41,307
41,309
41,311
41,313
41,315
41,317
41,319
41,321
41,323
41,325
41,327
41,329
41,331
41,333
41,335
41,337
41,339
41,341
41,343
41,345
41,347
41,349
41,351
41,353
41,355
41,357
41,359
41,361
41,363
41,365
41,367
41,369
41,371
41,373
41,375
41,377
41,379
41,381
41,383
41,385
41,387
41,389
41,391
41,393
41,395
41,397
41,399
41,401
41,403
41,405
41,407
41,409
41,411
41,413
41,415
41,417
41,419
41,421
41,423
41,425
41,427
41,429
41,431
41,433
41,435
41,437
41,439
41,441
41,443
41,445
41,447
41,449
41,451
41,453
41,455
41,457
41,459
41,461
41,463
41,465
41,467
41,469
41,471
41,472
41,473
41,474
41,475
41,476
41,477
41,478
41,479
41,480
41,481
41,483
41,485
41,487
41,489
41,491
41,493
41,495
41,497
41,499
16,1
16,3
16,5
16,7
16,9
16,11
16,13
16,15
16,17
16,19
16,21
16,23
16,25
16,27
16,29
16,31
16,33
16,35
16,37
16,39
16,41
16,43
16,45
16,47
16,49
16,51
16,53
16,55
16,57
16,59
16,61
16,63
16,65
16,67
16,69
16,71
16,73
16,75
16,77
16,79
16,81
16,83
16,85
16,87
16,89
16,91
16,93
16,95
16,97
16,99
16,101
16,103
16,105
16,107
16,109
16,111
16,113
16,115
16,117
16,119
16,121
16,123
16,125
16,127
16,129
16,131
16,133
16,135
16,137
16,139
16,141
16,143
16,145
16,147
16,149
16,151
16,153
16,155
16,157
16,159
16,161
16,163
16,165
16,167
16,169
16,171
16,173
16,175
16,177
16,179
16,181
16,183
16,185
16,187
16,189
16,191
16,193
16,195
16,197
16,199
16,201
16,203
16,205
16,207
16,209
16,211
16,213
16,215
16,217
16,219
16,221
16,223
16,225
16,227
16,229
16,231
16,233
16,235
16,237
16,239
16,241
16,243
16,245
16,247
16,249
16,251
16,253
16,255
16,257
16,259
16,261
16,263
16,265
16,267
16,269
16,271
16,273
16,275
16,277
16,279
16,281
16,283
16,285
16,287
16,289
16,291
16,293
16,295
16,297
16,299
16,301
16,303
16,305
16,307
16,309
16,311
16,313
16,315
16,317
16,319
16,321
16,323
16,325
16,327
16,329
16,331
16,333
16,335
16,337
16,339
16,341
16,343
16,345
16,347
16,349
16,351
16,353
16,355
16,357
16,359
16,361
16,363
16,365
16,367
16,369
16,371
16,373
16,375
16,377
16,379
16,381
16,383
16,385
16,387
16,389
16,391
16,393
16,395
16,397
16,399
16,401
16,403
16,405
16,407
16,409
16,411
16,413
16,415
16,417
16,419
16,421
16,423
16,425
16,427
16,429
16,431
16,433
16,435
16,437
16,439
16,441
16,443
16,445
16,447
16,449
16,451
16,453
16,455
16,457
16,459
16,461
16,463
16,465
16,467
16,469
16,471
16,473
16,475
16,477
16,479
16,481
16,483
16,485
16,487
16,489
16,491
16,493
16,495
16,497
16,499
18,1
18,3
18,5
18,7
18,9
18,11
18,13
18,15
18,17
18,19
18,21
18,23
18,25
18,27
18,29
18,31
18,33
18,35
18,37
18,39
18,41
18,43
18,45
18,47
18,49
18,51
18,53
18,55
18,57
18,59
18,61
18,63
18,65
18,67
18,69
18,71
18,73
18,75
18,77
18,79
18,81
18,83
18,85
18,87
18,89
18,91
18,93
18,95
18,97
18,99
18,101
18,103
18,105
18,107
18,109
18,111
18,113
18,115
18,117
18,119
18,121
18,123
18,125
18,127
18,129
18,131
18,133
18,135
18,137
18,139
18,141
18,143
18,145
18,147
18,149
18,151
18,153
18,155
18,157
18,159
18,161
18,163
18,165
18,167
18,169
18,171
18,173
18,175
18,177
18,179
18,181
18,183
18,185
18,187
18,189
18,191
18,193
18,195
18,197
18,199
18,201
18,203
18,205
18,207
18,209
18,211
18,213
18,215
18,217
18,219
18,221
18,223
18,225
18,227
18,229
18,231
18,233
18,235
18,237
18,239
18,241
18,243
18,245
18,247
18,249
18,251
18,253
18,255
18,257
18,259
18,261
18,263
18,265
18,267
18,269
18,271
18,273
18,275
18,277
18,279
18,281
18,283
18,285
18,287
18,289
18,291
18,293
18,295
18,297
18,299
18,301
18,303
18,305
18,307
18,309
18,311
18,313
18,315
18,317
18,319
18,321
18,323
18,325
18,327
18,329
18,331
18,333
18,335
18,337
18,339
18,341
18,343
18,345
18,347
18,349
18,351
18,353
18,355
18,357
18,359
18,361
18,363
18,365
18,367
18,369
18,371
18,373
18,375
18,377
18,379
18,381
18,383
18,385
18,387
18,389
18,391
18,393
18,395
18,397
18,399
18,401
18,403
18,405
18,407
18,409
18,411
18,413
18,415
18,417
18,419
18,421
18,423
18,425
18,427
18,429
18,431
18,433
18,435
18,437
18,439
18,441
18,443
18,445
18,447
18,449
18,451
18,453
18,455
18,457
18,459
18,461
18,463
18,465
18,467
18,469
18,471
18,473
18,475
18,477
18,479
18,481
18,483
18,485
18,487
18,489
18,491
18,493
18,495
18,497
18,499
43,279
13,2
13,4
13,6
13,8
13,10
13,12
13,14
13,16
13,18
13,20
13,22
13,24
13,26
13,28
13,30
13,32
13,34
13,36
13,38
13,40
13,42
13,44
13,46
13,48
13,50
13,52
13,54
13,56
13,58
13,60
13,62
13,64
13,66
13,68
13,70
13,72
13,74
13,76
13,78
13,80
13,82
13,84
13,86
13,88
13,90
13,92
13,94
13,96
13,98
13,100
13,102
13,104
13,106
13,108
13,110
13,112
13,114
13,116
13,118
13,120
13,122
13,124
13,126
13,128
13,130
13,132
13,134
13,136
13,138
13,140
13,142
13,144
13,146
13,148
13,150
13,152
13,154
13,156
13,158
13,160
13,162
13,164
13,166
13,168
13,170
13,172
13,174
13,176
13,178
13,180
13,182
13,184
13,186
13,188
13,190
13,192
13,194
13,196
13,198
13,200
13,202
13,204
13,206
13,208
13,210
13,212
13,214
13,216
13,218
13,220
13,222
13,224
13,226
13,228
13,230
13,232
13,234
13,236
13,238
13,240
13,242
13,244
13,246
13,248
13,250
13,252
13,254
13,256
13,258
13,260
13,262
13,264
13,266
13,268
13,270
13,272
13,274
13,276
13,278
13,280
13,282
13,284
13,286
13,288
13,290
13,292
13,294
13,296
13,298
13,300
13,302
13,304
13,306
13,308
13,310
13,312
13,314
13,316
13,318
13,320
13,322
13,324
13,326
13,328
13,330
13,332
13,334
13,336
13,338
13,340
13,342
13,344
13,346
13,348
13,350
13,352
13,354
13,356
13,358
13,360
13,362
13,364
13,366
13,368
13,370
13,372
13,374
13,376
13,378
13,380
13,382
13,384
13,386
13,388
13,390
13,392
13,394
13,396
13,398
13,400
13,402
13,404
13,406
13,408
13,410
13,412
13,414
13,416
13,418
13,420
13,422
13,424
13,426
13,428
13,430
13,432
13,434
13,436
13,438
13,440
13,442
13,444
13,446
13,448
13,450
13,451
13,452
13,453
13,454
13,455
13,456
13,457
13,458
13,460
13,462
13,464
13,466
13,468
13,470
13,472
13,474
13,476
13,478
13,480
13,482
13,484
13,486
13,488
13,490
13,492
13,494
13,496
13,498
13,500
5,2
5,4
5,6
5,8
5,10
5,12
5,14
5,16
5,18
5,20
5,22
5,24
5,26
5,28
5,30
5,32
5,34
5,36
5,38
5,40
5,42
5,44
5,46
5,48
5,50
5,52
5,54
5,56
5,58
5,60
5,62
5,64
5,66
5,68
5,70
5,72
5,74
5,76
5,78
5,80
5,82
5,84
5,86
5,88
5,90
5,92
5,94
5,96
5,98
5,100
5,102
5,104
5,106
5,108
5,110
5,112
5,114
5,116
5,118
5,120
5,122
5,124
5,126
5,128
5,130
5,132
5,134
5,136
5,138
5,140
5,142
5,144
5,146
5,148
5,150
5,152
5,154
5,156
5,158
5,160
5,162
5,164
5,166
5,168
5,170
5,172
5,174
5,176
5,178
5,180
5,182
5,184
5,186
5,188
5,190
5,192
5,194
5,196
5,198
5,200
5,202
5,204
5,206
5,208
5,210
5,212
5,214
5,216
5,218
5,220
5,222
5,224
5,226
5,228
5,230
5,232
5,234
5,236
5,238
5,240
5,242
5,244
5,246
5,248
5,250
5,252
5,254
5,256
5,258
5,260
5,262
5,264
5,266
5,268
5,270
5,272
5,274
5,276
5,278
5,280
5,282
5,284
5,286
5,288
5,290
5,292
5,294
5,296
5,298
5,300
5,302
5,304
5,306
5,308
5,310
5,312
5,314
5,316
5,318
5,320
5,322
5,324
5,326
5,328
5,330
5,332
5,334
5,336
5,338
5,340
5,342
5,344
5,346
5,348
5,350
5,352
5,354
5,356
5,358
5,360
5,362
5,364
5,366
5,368
5,370
5,372
5,374
5,376
5,378
5,380
5,382
5,384
5,386
5,388
5,390
5,392
5,394
5,396
5,398
5,400
5,402
5,404
5,406
5,408
5,410
5,412
5,414
5,416
5,418
5,420
5,422
5,424
5,426
5,428
5,430
5,432
5,434
5,436
5,438
5,440
5,442
5,444
5,446
5,448
5,450
5,452
5,454
5,456
5,458
5,460
5,462
5,464
5,466
5,468
5,470
5,472
5,474
5,476
5,478
5,480
5,482
5,484
5,486
5,488
5,490
5,492
5,494
5,496
5,498
5,500
32,2
32,4
32,6
32,8
32,10
32,12
32,14
32,16
32,18
32,20
32,22
32,24
32,26
32,28
32,30
32,32
32,34
32,36
32,38
32,40
32,42
32,44
32,46
32,48
32,50
32,52
32,54
32,56
32,58
32,60
32,62
32,64
32,66
32,68
32,70
32,72
32,74
32,76
32,78
32,80
32,82
32,84
32,86
32,88
32,90
32,92
32,94
32,96
32,98
32,100
32,102
32,104
32,106
32,108
32,110
32,112
32,114
32,116
32,118
32,120
32,122
32,124
32,126
32,128
32,130
32,132
32,134
32,136
32,138
32,140
32,142
32,144
32,146
32,148
32,150
32,152
32,154
32,156
32,158
32,160
32,162
32,164
32,165
32,166
32,168
32,170
32,172
32,174
32,176
32,178
32,180
32,182
32,184
32,186
32,188
32,190
32,192
32,194
32,196
32,198
32,200
32,202
32,204
32,206
32,208
32,210
32,212
32,214
32,216
32,218
32,220
32,222
32,224
32,226
32,228
32,230
32,232
32,234
32,236
32,238
32,240
32,242
32,244
32,246
32,248
32,250
32,252
32,254
32,256
32,258
32,260
32,262
32,264
32,266
32,268
32,270
32,272
32,274
32,276
32,278
32,280
32,282
32,284
32,286
32,288
32,290
32,292
32,294
32,296
32,298
32,300
32,302
32,304
32,306
32,308
32,310
32,312
32,314
32,316
32,318
32,320
32,322
32,324
32,326
32,328
32,330
32,332
32,334
32,336
32,337
32,338
32,339
32,340
32,341
32,342
32,344
32,346
32,348
32,350
32,352
32,354
32,356
32,358
32,360
32,362
32,364
32,366
32,368
32,370
32,372
32,374
32,376
32,378
32,380
32,382
32,384
32,386
32,388
32,390
32,392
32,394
32,396
32,398
32,400
32,402
32,404
32,406
32,408
32,410
32,412
32,414
32,416
32,418
32,420
32,422
32,424
32,426
32,428
32,430
32,432
32,434
32,436
32,438
32,440
32,442
32,444
32,446
32,448
32,450
32,452
32,454
32,456
32,458
32,460
32,462
32,464
32,466
32,468
32,470
32,472
32,474
32,476
32,478
32,480
32,482
32,484
32,486
32,488
32,490
32,492
32,494
32,496
32,498
32,500
37,2
37,4
37,6
37,8
37,10
37,12
37,14
37,16
37,18
37,20
37,22
37,24
37,26
37,28
37,30
37,32
37,34
37,36
37,38
37,40
37,42
37,44
37,46
37,48
37,50
37,52
37,54
37,56
37,58
37,60
37,62
37,64
37,66
37,68
37,70
37,72
37,74
37,76
37,78
37,80
37,82
37,84
37,86
37,88
37,90
37,92
37,94
37,96
37,98
37,100
37,102
37,104
37,106
37,108
37,110
37,112
37,114
37,116
37,118
37,120
37,122
37,124
37,126
37,128
37,130
37,132
37,134
37,136
37,138
37,140
37,142
37,144
37,146
37,148
37,150
37,152
37,154
37,156
37,158
37,160
37,162
37,164
37,166
37,168
37,170
37,172
37,174
37,176
37,178
37,180
37,182
37,184
37,186
37,188
37,190
37,192
37,194
37,196
37,198
37,200
37,202
37,204
37,206
37,208
37,210
37,212
37,214
37,216
37,218
37,220
37,222
37,224
37,226
37,228
37,230
37,232
37,234
37,236
37,238
37,240
37,242
37,244
37,246
37,248
37,250
37,252
37,254
37,256
37,258
37,260
37,262
37,264
37,266
37,268
37,270
37,272
37,274
37,276
37,278
37,280
37,282
37,284
37,286
37,288
37,290
37,292
37,294
37,296
37,298
37,300
37,302
37,304
37,306
37,308
37,310
37,312
37,314
37,316
37,318
37,320
37,322
37,324
37,326
37,328
37,330
37,332
37,334
37,336
37,338
37,340
37,342
37,344
37,346
37,348
37,350
37,352
37,354
37,356
37,358
37,360
37,362
37,364
37,366
37,368
37,370
37,372
37,374
37,376
37,378
37,380
37,382
37,384
37,386
37,388
37,390
37,392
37,394
37,396
37,398
37,400
37,402
37,404
37,406
37,408
37,410
37,412
37,414
37,416
37,418
37,420
37,422
37,424
37,426
37,428
37,430
37,432
37,434
37,436
37,438
37,440
37,442
37,444
37,446
37,448
37,450
37,452
37,454
37,456
37,458
37,460
37,462
37,464
37,466
37,468
37,470
37,472
37,474
37,476
37,478
37,480
37,482
37,484
37,486
37,488
37,490
37,492
37,494
37,496
37,498
37,500
3,2
3,4
3,6
3,8
3,10
3,12
3,14
3,16
3,18
3,20
3,22
3,24
3,26
3,28
3,30
3,32
3,34
3,36
3,38
3,40
3,42
3,44
3,46
3,48
3,50
3,52
3,54
3,56
3,58
3,60
3,62
3,64
3,66
3,68
3,70
3,72
3,74
3,76
3,78
3,80
3,82
3,84
3,86
3,88
3,90
3,92
3,94
3,96
3,98
3,100
3,102
3,104
3,106
3,108
3,110
3,112
3,114
3,116
3,118
3,120
3,122
3,124
3,126
3,128
3,130
3,132
3,134
3,136
3,138
3,140
3,142
3,144
3,146
3,148
3,150
3,152
3,154
3,156
3,158
3,160
3,162
3,164
3,166
3,168
3,170
3,172
3,174
3,176
3,178
3,180
3,182
3,184
3,186
3,188
3,190
3,192
3,194
3,196
3,198
3,200
3,202
3,204
3,206
3,208
3,210
3,212
3,214
3,216
3,218
3,220
3,222
3,224
3,226
3,228
3,230
3,232
3,234
3,236
3,238
3,240
3,242
3,244
3,246
3,248
3,250
3,252
3,254
3,256
3,258
3,260
3,262
3,264
3,266
3,268
3,270
3,272
3,274
3,276
3,278
3,280
3,282
3,284
3,286
3,288
3,290
3,292
3,294
3,296
3,298
3,300
3,302
3,304
3,306
3,308
3,310
3,312
3,314
3,316
3,318
3,320
3,322
3,324
3,326
3,328
3,330
3,332
3,334
3,336
3,338
3,340
3,342
3,344
3,346
3,348
3,350
3,352
3,354
3,356
3,358
3,360
3,362
3,364
3,366
3,368
3,370
3,372
3,374
3,376
3,378
3,380
3,382
3,384
3,386
3,388
3,390
3,392
3,394
3,396
3,398
3,400
3,402
3,404
3,406
3,408
3,410
3,412
3,414
3,416
3,418
3,420
3,422
3,424
3,426
3,428
3,430
3,432
3,434
3,436
3,438
3,440
3,442
3,444
3,446
3,448
3,450
3,452
3,454
3,456
3,458
3,460
3,462
3,464
3,466
3,468
3,470
3,472
3,474
3,476
3,478
3,480
3,482
3,484
3,486
3,488
3,490
3,492
3,494
3,496
3,498
3,500
38,2
38,4
38,6
38,8
38,10
38,12
38,14
38,16
38,18
38,20
38,22
38,24
38,26
38,28
38,30
38,32
38,34
38,36
38,38
38,40
38,42
38,44
38,46
38,48
38,50
38,52
38,54
38,56
38,58
38,60
38,62
38,64
38,66
38,68
38,70
38,72
38,74
38,76
38,78
38,80
38,82
38,84
38,86
38,88
